# m n k dtypeD: >=5% slower than hipBLASLt 1.2.2 in ROCm 10.0.0's 1.4.1 or in 1.5.0 (heuristic top-1)
7168 1024 512 bf16
2048 4096 512 bf16
5120 8192 640 bf16
7168 1024 768 bf16
7168 1024 1024 bf16
7168 2048 1024 bf16
7168 32768 1024 bf16
8192 32768 1024 bf16
5120 8192 1280 bf16
1536 512 1536 bf16
7168 32768 1792 bf16
16384 512 2048 bf16
6144 16384 2048 bf16
16384 16384 2048 bf16
6144 32768 2048 bf16
8192 32768 2048 bf16
16384 32768 2048 bf16
6144 32768 3072 bf16
1024 512 4096 bf16
8704 512 4096 bf16
129280 768 4096 bf16
512 1024 4096 bf16
2048 1024 4096 bf16
512 1280 4096 bf16
129280 1536 4096 bf16
1024 2048 4096 bf16
129280 2048 4096 bf16
512 3072 4096 bf16
512 3840 4096 bf16
512 4096 4096 bf16
512 4352 4096 bf16
512 10240 4096 bf16
512 12288 4096 bf16
16384 32768 4096 bf16
5120 512 5120 bf16
6400 512 5120 bf16
1024 1536 5120 f32
1024 2048 5120 f32
12800 16384 5120 bf16
12800 32768 5120 bf16
1280 512 6144 bf16
1536 512 6144 bf16
2304 512 6144 bf16
2560 512 6144 bf16
3072 512 6144 f32
2048 1024 6144 f32
2304 1024 6144 bf16
2560 1024 6144 bf16
3072 1024 6144 f32
9216 16384 6144 bf16
6144 32768 6144 bf16
9216 32768 6144 bf16
5120 512 6400 bf16
16384 16384 6656 bf16
16384 32768 6656 bf16
1024 512 7168 bf16
1536 512 7168 bf16
2048 512 7168 bf16
6144 512 7168 bf16
8192 512 7168 bf16
1024 768 7168 bf16
512 1024 7168 bf16
1536 1024 7168 bf16
2048 1024 7168 bf16
3584 1024 7168 bf16
512 1280 7168 bf16
1024 1280 7168 bf16
2048 1280 7168 bf16
512 1536 7168 bf16
1024 1536 7168 bf16
512 1792 7168 bf16
1024 1792 7168 bf16
2048 1792 7168 bf16
512 2048 7168 bf16
1024 2048 7168 bf16
2048 2048 7168 bf16
512 4096 7168 bf16
512 6144 7168 bf16
512 8192 7168 bf16
3584 32768 7168 bf16
8192 32768 7168 bf16
1280 512 8192 bf16
4096 512 8192 bf16
4608 512 8192 bf16
8192 512 8192 bf16
14336 512 8192 bf16
4096 768 8192 bf16
512 1024 8192 bf16
4096 1024 8192 bf16
4608 1024 8192 bf16
512 2048 8192 bf16
512 4096 8192 bf16
512 8192 8192 bf16
10240 8192 8192 bf16
14336 8192 8192 bf16
7168 16384 8192 bf16
10240 16384 8192 bf16
14336 16384 8192 bf16
7168 32768 8192 bf16
6144 1024 12288 bf16
6144 16384 12288 bf16
6144 32768 12288 bf16
2304 512 16384 bf16
4608 512 16384 bf16
2304 1024 16384 bf16
4608 1024 16384 bf16
7168 16384 35840 bf16
