# m n k dtypeD  (hipBLASLt column-major; torch M x N x K -> m=N n=M k=K)
3072 1024 512 bf16
4096 1024 512 bf16
7168 1024 512 bf16
2048 2048 512 bf16
4096 2048 512 bf16
2048 4096 512 bf16
4096 4096 512 bf16
7168 4096 512 bf16
2048 8192 512 bf16
4096 8192 512 bf16
2048 16384 512 bf16
4096 16384 512 bf16
7168 16384 512 bf16
2048 32768 512 bf16
5120 1024 640 bf16
5120 2048 640 bf16
5120 4096 640 bf16
5120 8192 640 bf16
5120 16384 640 bf16
5120 32768 640 bf16
7168 1024 768 bf16
7168 10240 768 bf16
4096 512 1024 bf16
6144 512 1024 bf16
7168 512 1024 bf16
8192 512 1024 bf16
4096 1024 1024 bf16
7168 1024 1024 bf16
8192 1024 1024 bf16
4096 2048 1024 bf16
7168 2048 1024 bf16
8192 2048 1024 bf16
4096 3072 1024 bf16
4096 4096 1024 bf16
7168 4096 1024 bf16
8192 4096 1024 bf16
4096 5120 1024 bf16
4096 7680 1024 bf16
7168 8192 1024 bf16
8192 8192 1024 bf16
4096 16384 1024 bf16
7168 16384 1024 bf16
8192 16384 1024 bf16
7168 32768 1024 bf16
8192 32768 1024 bf16
5120 512 1280 bf16
5120 1024 1280 bf16
5120 2048 1280 bf16
5120 4096 1280 bf16
5120 8192 1280 bf16
5120 16384 1280 bf16
5120 32768 1280 bf16
1536 512 1536 bf16
2048 512 1536 bf16
2304 512 1536 bf16
4096 512 1536 bf16
6144 512 1536 bf16
7168 512 1536 bf16
1536 1024 1536 bf16
2048 1024 1536 bf16
2304 1024 1536 bf16
3072 1024 1536 bf16
4096 1024 1536 bf16
7168 1024 1536 bf16
1536 2048 1536 bf16
2048 2048 1536 bf16
4096 2048 1536 bf16
2048 3072 1536 bf16
4096 3072 1536 bf16
1536 4096 1536 bf16
2048 4096 1536 bf16
3072 4096 1536 bf16
4096 4096 1536 bf16
2048 5120 1536 bf16
4096 5120 1536 bf16
2048 7680 1536 bf16
4096 7680 1536 bf16
1536 8192 1536 bf16
7168 10240 1536 bf16
1536 16384 1536 bf16
2048 16384 1536 bf16
3072 16384 1536 bf16
4096 16384 1536 bf16
1536 32768 1536 bf16
7168 512 1792 bf16
7168 1024 1792 bf16
7168 2048 1792 bf16
7168 4096 1792 bf16
7168 8192 1792 bf16
7168 16384 1792 bf16
7168 32768 1792 bf16
4096 512 2048 bf16
6144 512 2048 f32
6144 512 2048 bf16
8192 512 2048 bf16
16384 512 2048 bf16
4096 1024 2048 bf16
6144 1024 2048 f32
6144 1024 2048 bf16
8192 1024 2048 bf16
16384 1024 2048 bf16
4096 2048 2048 bf16
6144 2048 2048 f32
6144 2048 2048 bf16
8192 2048 2048 bf16
16384 2048 2048 bf16
4096 3072 2048 bf16
4096 4096 2048 bf16
6144 4096 2048 f32
6144 4096 2048 bf16
8192 4096 2048 bf16
16384 4096 2048 bf16
4096 5120 2048 bf16
4096 7680 2048 bf16
6144 8192 2048 f32
6144 8192 2048 bf16
8192 8192 2048 bf16
16384 8192 2048 bf16
4096 16384 2048 bf16
6144 16384 2048 f32
6144 16384 2048 bf16
8192 16384 2048 bf16
16384 16384 2048 bf16
6144 32768 2048 bf16
8192 32768 2048 bf16
16384 32768 2048 bf16
6144 512 3072 f32
6144 512 3072 bf16
6144 1024 3072 f32
6144 1024 3072 bf16
6144 2048 3072 f32
6144 2048 3072 bf16
6144 4096 3072 f32
6144 4096 3072 bf16
6144 8192 3072 f32
6144 8192 3072 bf16
6144 16384 3072 f32
6144 16384 3072 bf16
6144 32768 3072 bf16
5120 512 3200 bf16
5120 1024 3200 bf16
5120 2048 3200 bf16
5120 4096 3200 bf16
5120 8192 3200 bf16
5120 16384 3200 bf16
5120 32768 3200 bf16
7168 512 3584 bf16
8192 512 3584 bf16
7168 1024 3584 bf16
8192 1024 3584 bf16
8192 2048 3584 bf16
8192 4096 3584 bf16
8192 8192 3584 bf16
7168 10240 3584 bf16
8192 16384 3584 bf16
8192 32768 3584 bf16
1024 512 4096 bf16
2048 512 4096 bf16
4096 512 4096 bf16
8192 512 4096 bf16
8704 512 4096 bf16
10240 512 4096 bf16
16384 512 4096 bf16
129280 512 4096 bf16
1024 768 4096 bf16
2048 768 4096 bf16
4096 768 4096 bf16
8192 768 4096 bf16
8704 768 4096 bf16
10240 768 4096 bf16
129280 768 4096 bf16
512 1024 4096 bf16
1024 1024 4096 bf16
2048 1024 4096 bf16
4096 1024 4096 bf16
8192 1024 4096 bf16
8704 1024 4096 bf16
10240 1024 4096 bf16
16384 1024 4096 bf16
129280 1024 4096 bf16
512 1280 4096 bf16
1024 1280 4096 bf16
2048 1280 4096 bf16
129280 1280 4096 bf16
512 1536 4096 bf16
1024 1536 4096 bf16
2048 1536 4096 bf16
129280 1536 4096 bf16
512 1792 4096 bf16
1024 1792 4096 bf16
2048 1792 4096 bf16
129280 1792 4096 bf16
512 2048 4096 bf16
1024 2048 4096 bf16
2048 2048 4096 bf16
4096 2048 4096 bf16
8192 2048 4096 bf16
8704 2048 4096 bf16
10240 2048 4096 bf16
16384 2048 4096 bf16
129280 2048 4096 bf16
512 2304 4096 bf16
1024 2304 4096 bf16
2048 2304 4096 bf16
512 2560 4096 bf16
1024 2560 4096 bf16
2048 2560 4096 bf16
512 2816 4096 bf16
1024 2816 4096 bf16
2048 2816 4096 bf16
512 3072 4096 bf16
1024 3072 4096 bf16
2048 3072 4096 bf16
512 3328 4096 bf16
1024 3328 4096 bf16
2048 3328 4096 bf16
512 3584 4096 bf16
1024 3584 4096 bf16
2048 3584 4096 bf16
512 3840 4096 bf16
1024 3840 4096 bf16
2048 3840 4096 bf16
512 4096 4096 bf16
1024 4096 4096 bf16
2048 4096 4096 bf16
4096 4096 4096 bf16
8192 4096 4096 bf16
8704 4096 4096 bf16
10240 4096 4096 bf16
16384 4096 4096 bf16
129280 4096 4096 bf16
512 4352 4096 bf16
1024 4352 4096 bf16
2048 4352 4096 bf16
512 5120 4096 bf16
1024 5120 4096 bf16
2048 5120 4096 bf16
512 6144 4096 bf16
1024 6144 4096 bf16
2048 6144 4096 bf16
129280 6144 4096 bf16
512 6400 4096 bf16
1024 6400 4096 bf16
2048 6400 4096 bf16
512 6912 4096 bf16
1024 6912 4096 bf16
2048 6912 4096 bf16
512 7168 4096 bf16
1024 7168 4096 bf16
2048 7168 4096 bf16
512 7424 4096 bf16
1024 7424 4096 bf16
2048 7424 4096 bf16
512 7680 4096 bf16
1024 7680 4096 bf16
2048 7680 4096 bf16
512 7936 4096 bf16
1024 7936 4096 bf16
2048 7936 4096 bf16
512 8192 4096 bf16
1024 8192 4096 bf16
2048 8192 4096 bf16
4096 8192 4096 bf16
8192 8192 4096 bf16
8704 8192 4096 bf16
10240 8192 4096 bf16
16384 8192 4096 bf16
129280 8192 4096 bf16
512 10240 4096 bf16
1024 10240 4096 bf16
2048 10240 4096 bf16
129280 10240 4096 bf16
512 12288 4096 bf16
1024 12288 4096 bf16
2048 12288 4096 bf16
129280 12288 4096 bf16
512 14336 4096 bf16
1024 14336 4096 bf16
2048 14336 4096 bf16
129280 14336 4096 bf16
512 16384 4096 bf16
1024 16384 4096 bf16
2048 16384 4096 bf16
16384 16384 4096 bf16
129280 16384 4096 bf16
16384 32768 4096 bf16
7168 512 4224 bf16
7168 1024 4224 bf16
7168 10240 4224 bf16
6144 512 4608 bf16
6144 1024 4608 bf16
6144 2048 4608 bf16
6144 4096 4608 bf16
6144 8192 4608 bf16
6144 16384 4608 bf16
6144 32768 4608 bf16
1024 512 5120 f32
5120 512 5120 bf16
6400 512 5120 bf16
12800 512 5120 bf16
37888 512 5120 bf16
51200 512 5120 bf16
1024 768 5120 f32
37888 768 5120 bf16
1024 1024 5120 f32
5120 1024 5120 bf16
6400 1024 5120 bf16
12800 1024 5120 bf16
37888 1024 5120 bf16
51200 1024 5120 bf16
1024 1536 5120 f32
37888 1536 5120 bf16
1024 2048 5120 f32
5120 2048 5120 bf16
6400 2048 5120 bf16
12800 2048 5120 bf16
37888 2048 5120 bf16
51200 2048 5120 bf16
1024 4096 5120 f32
5120 4096 5120 bf16
6400 4096 5120 bf16
12800 4096 5120 bf16
51200 4096 5120 bf16
1024 8192 5120 f32
5120 8192 5120 bf16
6400 8192 5120 bf16
12800 8192 5120 bf16
51200 8192 5120 bf16
1024 16384 5120 f32
5120 16384 5120 bf16
6400 16384 5120 bf16
12800 16384 5120 bf16
51200 16384 5120 bf16
5120 32768 5120 bf16
6400 32768 5120 bf16
12800 32768 5120 bf16
51200 32768 5120 bf16
1280 512 6144 bf16
1536 512 6144 bf16
2048 512 6144 f32
2304 512 6144 bf16
2560 512 6144 bf16
3072 512 6144 f32
3072 512 6144 bf16
6144 512 6144 bf16
9216 512 6144 bf16
2048 1024 6144 f32
2304 1024 6144 bf16
2560 1024 6144 bf16
3072 1024 6144 f32
6144 1024 6144 bf16
9216 1024 6144 bf16
2048 2048 6144 f32
2304 2048 6144 bf16
2560 2048 6144 bf16
3072 2048 6144 f32
6144 2048 6144 bf16
9216 2048 6144 bf16
2048 4096 6144 f32
2304 4096 6144 bf16
2560 4096 6144 bf16
3072 4096 6144 f32
6144 4096 6144 bf16
9216 4096 6144 bf16
2048 8192 6144 f32
2304 8192 6144 bf16
2560 8192 6144 bf16
3072 8192 6144 f32
6144 8192 6144 bf16
9216 8192 6144 bf16
2048 16384 6144 f32
2304 16384 6144 bf16
2560 16384 6144 bf16
3072 16384 6144 f32
6144 16384 6144 bf16
9216 16384 6144 bf16
2304 32768 6144 bf16
2560 32768 6144 bf16
6144 32768 6144 bf16
9216 32768 6144 bf16
5120 512 6400 bf16
5120 1024 6400 bf16
5120 2048 6400 bf16
5120 4096 6400 bf16
5120 8192 6400 bf16
5120 16384 6400 bf16
5120 32768 6400 bf16
16384 512 6656 bf16
16384 1024 6656 bf16
16384 2048 6656 bf16
16384 4096 6656 bf16
16384 8192 6656 bf16
16384 16384 6656 bf16
16384 32768 6656 bf16
1024 512 7168 bf16
1536 512 7168 bf16
2048 512 7168 bf16
3584 512 7168 bf16
6144 512 7168 bf16
8192 512 7168 bf16
8448 512 7168 bf16
20480 512 7168 bf16
1024 768 7168 bf16
2048 768 7168 bf16
512 1024 7168 bf16
1024 1024 7168 bf16
1536 1024 7168 bf16
2048 1024 7168 bf16
3584 1024 7168 bf16
6144 1024 7168 bf16
8192 1024 7168 bf16
8448 1024 7168 bf16
20480 1024 7168 bf16
512 1280 7168 bf16
1024 1280 7168 bf16
2048 1280 7168 bf16
512 1536 7168 bf16
1024 1536 7168 bf16
2048 1536 7168 bf16
512 1792 7168 bf16
1024 1792 7168 bf16
2048 1792 7168 bf16
512 2048 7168 bf16
1024 2048 7168 bf16
2048 2048 7168 bf16
3584 2048 7168 bf16
8192 2048 7168 bf16
20480 2048 7168 bf16
512 4096 7168 bf16
1024 4096 7168 bf16
2048 4096 7168 bf16
3584 4096 7168 bf16
8192 4096 7168 bf16
20480 4096 7168 bf16
512 6144 7168 bf16
1024 6144 7168 bf16
2048 6144 7168 bf16
512 8192 7168 bf16
1024 8192 7168 bf16
2048 8192 7168 bf16
3584 8192 7168 bf16
8192 8192 7168 bf16
20480 8192 7168 bf16
512 10240 7168 bf16
1024 10240 7168 bf16
2048 10240 7168 bf16
8448 10240 7168 bf16
20480 10240 7168 bf16
512 12288 7168 bf16
1024 12288 7168 bf16
2048 12288 7168 bf16
512 14336 7168 bf16
1024 14336 7168 bf16
2048 14336 7168 bf16
512 16384 7168 bf16
1024 16384 7168 bf16
2048 16384 7168 bf16
3584 16384 7168 bf16
8192 16384 7168 bf16
20480 16384 7168 bf16
512 32768 7168 bf16
1024 32768 7168 bf16
2048 32768 7168 bf16
3584 32768 7168 bf16
8192 32768 7168 bf16
20480 32768 7168 bf16
1280 512 8192 bf16
2560 512 8192 bf16
4096 512 8192 bf16
4608 512 8192 bf16
7168 512 8192 bf16
8192 512 8192 bf16
10240 512 8192 bf16
14336 512 8192 bf16
16384 512 8192 bf16
57344 512 8192 bf16
4096 768 8192 bf16
512 1024 8192 bf16
1280 1024 8192 bf16
2560 1024 8192 bf16
4096 1024 8192 bf16
4608 1024 8192 bf16
7168 1024 8192 bf16
8192 1024 8192 bf16
10240 1024 8192 bf16
14336 1024 8192 bf16
16384 1024 8192 bf16
57344 1024 8192 bf16
512 2048 8192 bf16
1280 2048 8192 bf16
2560 2048 8192 bf16
4096 2048 8192 bf16
4608 2048 8192 bf16
7168 2048 8192 bf16
8192 2048 8192 bf16
10240 2048 8192 bf16
14336 2048 8192 bf16
16384 2048 8192 bf16
57344 2048 8192 bf16
512 4096 8192 bf16
1280 4096 8192 bf16
2560 4096 8192 bf16
4096 4096 8192 bf16
4608 4096 8192 bf16
7168 4096 8192 bf16
8192 4096 8192 bf16
10240 4096 8192 bf16
14336 4096 8192 bf16
16384 4096 8192 bf16
57344 4096 8192 bf16
512 8192 8192 bf16
1280 8192 8192 bf16
2560 8192 8192 bf16
4096 8192 8192 bf16
4608 8192 8192 bf16
7168 8192 8192 bf16
8192 8192 8192 bf16
10240 8192 8192 bf16
14336 8192 8192 bf16
16384 8192 8192 bf16
57344 8192 8192 bf16
512 16384 8192 bf16
1280 16384 8192 bf16
2560 16384 8192 bf16
4608 16384 8192 bf16
7168 16384 8192 bf16
8192 16384 8192 bf16
10240 16384 8192 bf16
14336 16384 8192 bf16
16384 16384 8192 bf16
57344 16384 8192 bf16
1280 32768 8192 bf16
2560 32768 8192 bf16
7168 32768 8192 bf16
8192 32768 8192 bf16
10240 32768 8192 bf16
14336 32768 8192 bf16
16384 32768 8192 bf16
57344 32768 8192 bf16
6144 512 12288 bf16
6144 1024 12288 bf16
6144 2048 12288 bf16
6144 4096 12288 bf16
6144 8192 12288 bf16
6144 16384 12288 bf16
6144 32768 12288 bf16
16384 512 13312 bf16
16384 1024 13312 bf16
16384 2048 13312 bf16
16384 4096 13312 bf16
16384 8192 13312 bf16
16384 16384 13312 bf16
16384 32768 13312 bf16
2304 512 16384 bf16
4608 512 16384 bf16
9216 512 16384 bf16
13312 512 16384 bf16
26624 512 16384 bf16
53248 512 16384 bf16
2304 1024 16384 bf16
4608 1024 16384 bf16
9216 1024 16384 bf16
13312 1024 16384 bf16
26624 1024 16384 bf16
53248 1024 16384 bf16
2304 2048 16384 bf16
4608 2048 16384 bf16
9216 2048 16384 bf16
13312 2048 16384 bf16
26624 2048 16384 bf16
53248 2048 16384 bf16
2304 4096 16384 bf16
4608 4096 16384 bf16
9216 4096 16384 bf16
13312 4096 16384 bf16
26624 4096 16384 bf16
53248 4096 16384 bf16
2304 8192 16384 bf16
4608 8192 16384 bf16
9216 8192 16384 bf16
13312 8192 16384 bf16
26624 8192 16384 bf16
53248 8192 16384 bf16
2304 16384 16384 bf16
4608 16384 16384 bf16
9216 16384 16384 bf16
13312 16384 16384 bf16
26624 16384 16384 bf16
53248 16384 16384 bf16
2304 32768 16384 bf16
4608 32768 16384 bf16
9216 32768 16384 bf16
13312 32768 16384 bf16
26624 32768 16384 bf16
53248 32768 16384 bf16
6144 512 18432 bf16
6144 1024 18432 bf16
6144 2048 18432 bf16
6144 4096 18432 bf16
6144 8192 18432 bf16
6144 16384 18432 bf16
6144 32768 18432 bf16
5120 512 25600 bf16
5120 1024 25600 bf16
5120 2048 25600 bf16
5120 4096 25600 bf16
5120 8192 25600 bf16
5120 16384 25600 bf16
5120 32768 25600 bf16
16384 512 26624 bf16
16384 1024 26624 bf16
16384 2048 26624 bf16
16384 4096 26624 bf16
16384 8192 26624 bf16
16384 16384 26624 bf16
16384 32768 26624 bf16
8192 512 28672 bf16
8192 1024 28672 bf16
8192 2048 28672 bf16
8192 4096 28672 bf16
8192 8192 28672 bf16
8192 16384 28672 bf16
8192 32768 28672 bf16
7168 512 35840 bf16
7168 1024 35840 bf16
7168 2048 35840 bf16
7168 4096 35840 bf16
7168 8192 35840 bf16
7168 16384 35840 bf16
7168 32768 35840 bf16
